Id,predicted_time
6198,839
6417,668
7054,534
9628,878
10283,907
10660,441
12778,704
15267,813
17648,567
20377,685
21710,736
23832,946
24693,836
28920,613
29889,687
30186,568
30596,910
30815,660
30958,362
31401,716
32452,829
33885,667
34012,615
37794,944
38858,971
38961,271
39912,488
43686,706
43792,380
44405,828
44821,335
45083,697
45315,349
47093,598
47190,421
47549,944
49333,941
50669,724
53294,782
54019,440
54558,449
55170,782
55846,557
56337,685
57502,408
57569,865
57913,453
58662,248
59198,888
61513,958
61994,616
62781,387
64209,370
64488,790
65236,625
65342,750
65456,917
65538,727
65800,720
66330,986
66579,971
66906,312
66959,540
67340,434
68042,825
68620,488
69087,950
69533,986
72898,474
73805,889
74298,996
75201,955
75558,380
75894,370
76792,855
77189,956
77584,886
77701,669
78468,316
78971,461
79796,347
80814,351
81229,881
82441,877
82636,933
83555,730
83977,836
84186,926
84473,893
84580,293
85317,255
85634,493
86257,494
86985,571
87323,362
87982,995
90422,550
91193,806
91525,758
91661,939
92804,778
95530,664
96821,922
97618,437
97856,626
99334,637
99434,807
100172,681
100819,769
101363,387
102100,577
102729,684
102882,723
103056,208
103257,315
104655,652
105210,553
105590,683
105672,376
105943,772
106141,804
106240,223
106674,836
107086,517
107183,427
107744,433
108244,344
108764,932
108911,480
110277,932
111171,633
112119,725
112989,748
113081,990
113247,633
115804,711
116337,971
116809,305
116843,641
116988,578
117056,597
117830,598
118399,244
118901,477
119000,512
120029,652
120293,806
121484,386
121684,630
122726,883
122886,233
123002,889
125530,753
127385,943
127718,402
128341,516
128685,531
129263,281
129485,204
129544,481
130129,684
130352,441
130755,903
133565,927
134715,281
135441,576
135751,642
136352,281
136502,711
137171,555
137715,325
137768,770
138209,386
138247,564
138880,580
139164,371
139196,383
139264,650
139887,650
140048,613
140525,505
142419,619
142578,456
142882,733
144416,415
144518,559
145738,602
146893,504
147072,889
148059,742
148450,946
149889,676
150389,344
150516,959
150830,690
150976,770
151773,305
151820,821
153135,899
153758,820
153951,848
156027,286
157434,810
158433,704
158514,628
158610,547
158705,699
159526,513
159954,866
160752,649
160825,889
161996,785
162964,676
163289,577
163379,959
163584,685
164958,258
165108,815
165514,501
166129,712
167945,868
168234,325
168469,490
168560,736
168815,760
169661,581
169942,386
170719,228
171145,733
171881,241
172116,955
172221,946
172629,407
172764,275
173187,483
173266,322
173328,330
173363,487
173854,666
173974,701
174086,479
174156,650
174777,660
175128,545
176327,660
177328,713
177969,544
178173,334
178577,584
178662,842
178712,599
179181,830
179483,524
179767,395
180081,746
180181,478
180448,399
181602,700
182788,686
184078,769
184490,383
184726,829
184964,353
185045,389
185772,547
186530,783
186788,673
186854,395
187919,656
187944,879
188840,844
189252,555
189876,433
189901,799
190418,379
190483,937
190685,499
191307,239
191424,836
191602,344
191774,339
192389,936
193666,861
193890,709
194957,633
195648,810
196598,228
196630,791
196840,908
197635,289
197816,267
197861,764
198105,743
198700,841
198903,372
199451,943
199602,582
201013,941
201862,198
202377,411
202477,523
202601,440
203157,715
203375,305
203526,650
203684,565
204072,597
205399,331
207637,533
207936,343
208380,986
208517,406
208773,757
208999,693
209453,224
209646,892
210148,717
210875,499
210933,965
211280,894
211715,833
211927,560
212138,444
212268,333
212633,836
213222,546
214934,614
215089,597
215437,837
216055,365
216197,726
216900,394
217116,873
217260,707
217609,917
218139,782
220222,247
220924,220
220960,800
221064,428
221149,390
222704,789
223672,841
223893,630
223979,545
225113,304
225652,554
225724,981
225854,918
226368,397
226636,297
227145,675
227649,757
227716,383
227877,827
227996,682
228420,718
228710,925
229175,482
229244,639
229743,749
229897,583
229995,780
231277,801
232299,662
232481,800
233903,365
234233,686
234790,659
235313,959
235499,611
235601,776
235859,845
236111,981
236319,914
236485,209
237272,644
237759,792
237812,256
238479,965
239411,944
239716,690
239951,805
240332,781
240723,604
240911,940
241075,707
241473,579
242430,483
242531,650
243488,801
243676,486
243884,483
244472,705
244603,999
244905,665
245208,333
245945,758
246475,890
246875,598
247197,682
247556,769
247785,392
247854,249
247975,346
248244,319
248506,325
248900,552
250380,984
250631,815
250712,271
250734,915
251026,257
251152,271
251705,889
252355,555
252629,754
252919,687
253382,901
253673,387
253744,800
254112,825
254353,790
255512,625
255596,706
255955,500
256047,926
256389,484
257129,343
257310,691
257512,598
257724,801
258902,731
259224,286
259251,737
259576,671
260050,335
260171,297
260698,965
261123,846
261285,843
261530,505
261937,915
263029,662
263280,973
263920,536
264049,312
264107,951
264309,834
264806,598
265244,562
266202,445
266579,706
269044,955
269264,633
270306,874
270570,603
270702,833
270944,520
272684,918
272926,735
273125,458
273740,515
274610,801
274930,723
275497,297
276110,420
276569,806
276689,271
276722,781
277041,665
277269,558
277331,306
277861,261
277941,208
278309,319
279062,603
280056,579
281543,682
281786,528
282169,322
282250,333
282281,848
283164,544
283600,380
284018,633
284106,959
284475,600
284551,998
285013,515
287068,617
287156,892
287469,801
287756,188
288547,962
288646,488
289082,893
289334,319
289365,953
290676,794
291467,289
292959,613
294584,829
295445,767
295537,325
295630,790
296169,804
296709,781
297115,950
297278,514
297338,989
297497,714
298280,484
299558,785
299723,889
299932,365
299980,805
300202,731
300294,725
300468,343
300562,617
300640,503
301780,380
302326,638
303946,554
304542,723
305023,889
305266,825
305463,209
305483,397
305732,965
305863,966
308062,707
308447,297
308884,660
309147,805
309394,800
310703,607
310856,257
311532,496
311747,836
311991,696
312102,682
312249,671
312451,846
312636,979
312762,475
312869,518
313176,774
314415,781
314597,594
314852,954
314980,641
315167,684
315741,894
315946,836
316257,745
316685,229
317323,805
317602,840
317963,622
318231,371
318290,333
318465,893
318750,985
319621,533
319693,889
320110,245
320557,495
321117,300
321169,653
322025,442
322501,237
322807,970
323654,563
323771,840
324065,656
324722,407
325124,726
325360,576
326383,714
326637,516
328036,518
328249,684
328439,651
329384,613
330165,397
331080,663
331938,533
332033,872
332171,754
332889,874
333177,438
333709,961
334117,984
334588,399
334877,919
334953,515
335040,845
335279,825
335762,667
335948,950
336135,536
336215,644
337442,959
337754,926
337852,646
337904,468
338436,801
339238,275
339272,850
339917,819
340709,951
340823,868
342100,725
342223,776
342369,898
343121,848
343818,819
343883,349
344229,951
344357,156
344613,811
345116,389
345746,584
346455,642
346720,325
346842,718
347303,579
347374,233
347404,656
348019,862
348582,578
348787,913
348891,670
348988,460
349752,369
350120,649
350206,804
350271,545
350576,580
351159,468
351512,484
351643,291
352495,767
352601,278
352737,343
353962,352
354222,836
354389,370
354662,719
354953,643
355043,643
355982,736
356204,316
357635,322
358118,761
358510,730
358841,319
359003,613
359186,477
359282,886
360373,183
360584,467
360679,970
361107,474
361743,750
361957,974
362320,750
362394,644
362488,613
363352,712
364019,371
364526,838
364856,433
365021,876
365126,328
365726,811
365868,580
367185,914
367819,833
368135,283
368360,742
368850,679
368903,668
370579,733
371486,512
371582,431
371831,644
372274,852
372361,447
374225,704
375055,946
375379,804
376224,581
376309,983
377022,818
377606,968
377953,518
378088,425
378153,259
378438,836
379137,552
379231,832
379969,527
380038,667
380909,584
381695,631
381849,865
382670,896
382994,830
383744,565
384327,514
384416,819
384744,952
384915,842
385136,909
385319,836
386693,602
387030,291
387278,225
388353,460
388428,754
388740,286
389048,286
389064,267
389143,606
389264,630
389389,304
389560,263
389972,668
390227,954
390791,520
391339,629
391714,450
391742,233
392042,707
392751,582
392844,856
393890,808
394472,720
395374,658
396036,518
396471,733
397173,330
397453,550
397735,737
397871,275
398154,877
398319,875
398519,402
400012,683
400175,479
400990,354
401374,801
401521,644
401810,736
402515,858
403095,783
403772,578
403831,699
404162,697
404337,715
405721,810
406097,552
406214,657
406451,270
406621,422
406678,531
407791,682
407929,644
408343,410
408381,553
408608,898
408923,836
409261,844
409606,819
409863,846
410194,427
411558,841
412428,550
413006,517
413130,926
413471,637
414090,609
414236,110
414256,644
414700,674
414986,830
415155,533
416200,629
416283,307
416547,355
416590,836
417789,978
418953,932
419781,540
419912,781
420499,367
420587,958
420863,538
420976,275
423000,829
423082,709
423633,892
424047,452
424866,742
424945,638
425773,854
426324,655
426703,848
427204,531
427665,771
427749,629
428054,387
428357,837
428432,856
428852,874
428984,710
429327,473
429948,719
430140,618
430231,390
432397,344
432453,960
433438,582
434622,980
435574,949
436278,658
436549,831
436694,882
436786,767
437752,396
437824,726
438308,986
438903,460
439061,811
440250,722
441731,951
442130,901
442630,535
443439,390
443714,709
444930,658
445071,977
445731,582
445943,993
446911,705
447451,928
447793,954
448219,970
449029,835
449369,241
450349,910
450478,836
451188,780
451400,667
451965,829
452312,709
452686,445
453306,942
453617,830
454111,787
455703,894
456021,716
459205,872
459468,514
459522,559
460547,689
460635,639
462226,614
462949,390
463201,960
463367,532
463528,687
464036,573
464117,790
464650,153
465002,690
466270,601
466398,890
466592,297
467201,862
468070,665
468451,486
469169,359
469961,982
470422,449
470614,564
471445,642
471535,487
471971,571
472373,543
472652,804
473861,315
474403,576
475709,713
476314,994
476788,749
477466,629
477579,535
477767,954
478130,888
479834,487
480402,951
481358,746
482203,964
482874,669
483359,219
483395,379
483594,949
483739,973
484508,949
485287,835
485383,522
486520,984
486810,524
487063,621
487357,992
487569,907
487662,790
487833,793
488841,629
489110,977
489603,292
489963,449
490017,903
490190,688
490357,370
490416,958
490972,548
491235,942
491568,518
492553,781
493129,667
493384,740
493717,958
494983,754
495062,830
495799,857
497889,453
497925,184
500284,984
501433,491
501502,431
501756,992
502224,767
502357,911
502878,788
503336,856
503657,791
504798,884
505976,769
506424,341
506485,340
506626,949
507255,383
507472,322
507511,571
507707,937
509028,949
509379,564
509758,794
510383,504
510915,548
511723,764
512312,892
512869,856
515397,997
516892,717
517730,830
518331,543
518391,330
518627,425
518845,551
518903,681
519068,537
519367,949
519989,652
520308,531
520570,957
520663,576
520926,690
521319,746
521494,942
521656,975
521939,503
522022,453
522406,529
522894,750
523146,495
523327,493
524039,415
524664,607
524974,586
525706,491
526604,618
527213,618
527520,153
527850,937
